20 90
0 1 45.7
0 2 27.3
0 3 94.0
0 4 66.3
0 5 76.4
0 6 56.7
0 7 48.0
0 8 72.2
0 9 95.9
0 10 24.5
0 11 85.6
0 12 115.3
0 13 44.0
0 14 74.4
0 15 77.6
0 16 53.2
0 17 14.0
0 18 83.2
0 19 43.7
1 2 45.6
1 3 82.4
1 4 68.2
1 5 71.2
1 6 46.7
1 7 49.0
1 8 39.4
1 9 80.9
1 10 28.0
1 11 51.1
1 12 92.6
1 13 16.4
1 14 45.0
1 15 45.4
1 16 68.5
1 17 32.1
1 18 84.7
1 19 22.1
2 3 67.4
2 4 39.1
2 5 49.4
2 6 32.2
2 7 21.5
2 8 55.4
2 9 69.9
2 10 18.1
2 11 68.1
2 12 90.7
2 13 34.4
2 14 55.4
2 15 59.7
2 16 27.8
2 17 29.2
2 18 56.1
2 19 30.5
3 4 31.6
3 5 18.9
3 6 38.8
3 7 46.1
3 8 50.2
3 9 7.0
3 10 73.6
3 11 49.6
3 12 29.7
3 13 66.8
3 14 43.3
3 15 46.9
3 16 51.7
3 17 90.8
3 18 25.0
3 19 61.9
4 5 12.9
4 6 22.7
4 7 20.5
4 8 51.0
4 9 36.2
4 10 50.3
4 11 58.1
4 12 59.7
4 13 51.9
4 14 46.1
4 15 51.3
4 16 20.3
4 17 66.3
4 18 17.5
4 19 46.1
5 6 24.6
5 7 28.6
5 8 46.6
5 9 23.4
5 10 57.7
5 11 51.1
5 12 46.9
5 13 54.9
5 14 40.7
5 15 45.6
5 16 33.1
5 17 74.6
5 18 15.6
5 19 49.4
6 7 12.6
6 8 30.4
6 9 39.6
6 10 34.9
6 11 40.4
6 12 58.8
6 13 30.3
6 14 27.3
6 15 32.4
6 16 32.5
6 17 52.1
6 18 38.1
6 19 24.7
7 8 41.8
7 9 48.4
7 10 29.8
7 11 52.6
7 12 69.5
7 13 33.2
7 14 39.5
7 15 44.5
7 16 21.8
7 17 46.2
7 18 38.0
7 19 27.5
8 9 46.5
8 10 47.7
8 11 13.4
8 12 53.9
8 13 29.4
8 14 7.0
8 15 6.0
8 16 62.9
8 17 62.3
8 18 62.2
8 19 28.5
9 10 74.5
9 11 44.5
9 12 23.7
9 13 65.8
9 14 39.5
9 15 42.6
9 16 56.5
9 17 91.7
9 18 31.7
9 19 61.3
10 11 61.1
10 12 92.3
10 13 20.5
10 14 49.9
10 15 53.0
10 16 44.2
10 17 17.2
10 18 67.8
10 19 19.2
11 12 45.8
11 13 42.6
11 14 13.1
11 15 8.4
11 16 72.7
11 17 75.6
11 18 66.4
11 19 41.9
12 13 79.6
12 14 47.7
12 15 48.3
12 16 79.9
12 17 109.2
12 18 54.6
12 19 76.3
13 14 33.3
13 15 35.2
13 16 53.7
13 17 33.0
13 18 68.3
13 19 5.8
14 15 5.2
14 16 59.7
14 17 65.5
14 18 56.2
14 19 31.3
15 16 64.9
15 17 68.0
15 18 61.1
15 19 34.0
16 17 57.0
16 18 32.8
16 19 48.2
17 18 83.7
17 19 34.1
18 19 62.6
