20 380
0 1 18.1
0 2 36.8
0 3 36.3
0 4 55.2
0 5 25.4
0 6 38.4
0 7 50.9
0 8 14.4
0 9 69.0
0 10 34.6
0 11 59.8
0 12 35.0
0 13 51.6
0 14 60.9
0 15 45.8
0 16 58.3
0 17 23.9
0 18 53.4
0 19 15.4
1 2 54.7
1 3 43.4
1 4 64.7
1 5 41.7
1 6 48.9
1 7 68.7
1 8 25.7
1 9 81.2
1 10 52.0
1 11 73.5
1 12 37.9
1 13 69.5
1 14 61.4
1 15 63.3
1 16 74.2
1 17 19.9
1 18 69.5
1 19 22.9
2 3 40.8
2 4 45.1
2 5 16.4
2 6 33.5
2 7 22.7
2 8 33.1
2 9 47.7
2 10 19.3
2 11 36.0
2 12 47.7
2 13 22.5
2 14 68.3
2 15 22.4
2 16 26.9
2 17 51.3
2 18 22.5
2 19 38.0
3 4 21.6
3 5 26.0
3 6 9.9
3 7 63.3
3 8 22.0
3 9 40.1
3 10 53.9
3 11 35.7
3 12 9.7
3 13 63.2
3 14 28.3
3 15 61.7
3 16 43.1
3 17 26.0
3 18 39.7
3 19 21.8
4 5 36.3
4 6 16.9
4 7 66.9
4 8 41.1
4 9 19.9
4 10 62.8
4 11 20.5
4 12 29.9
4 13 66.3
4 14 31.2
4 15 67.4
4 16 33.4
4 17 47.6
4 18 32.3
4 19 42.3
5 6 21.1
5 7 37.9
5 8 17.5
5 9 45.7
5 10 28.1
5 11 35.4
5 12 31.8
5 13 37.9
5 14 54.2
5 15 35.8
5 16 32.9
5 17 35.3
5 18 28.1
5 19 22.2
6 7 56.2
6 8 24.5
6 9 32.4
6 10 48.9
6 11 26.4
6 12 19.5
6 13 56.0
6 14 34.9
6 15 55.4
6 16 33.2
6 17 33.9
6 18 29.9
6 19 26.1
7 8 52.3
7 9 65.9
7 10 17.2
7 11 54.3
7 12 69.7
7 13 1.4
7 14 91.0
7 15 6.7
7 16 41.4
7 17 70.3
7 18 38.7
7 19 57.1
8 9 56.1
8 10 38.6
8 11 47.9
8 12 22.0
8 13 52.7
8 14 47.8
8 15 48.7
8 16 48.9
8 17 18.2
8 18 44.3
8 19 4.9
9 10 67.0
9 11 11.8
9 12 49.1
9 13 65.0
9 14 49.2
9 15 68.4
9 16 25.2
9 17 65.9
9 18 27.2
9 19 58.3
10 11 55.3
10 12 58.5
10 13 18.2
10 14 82.2
10 15 11.3
10 16 45.6
10 17 55.8
10 18 41.5
10 19 43.1
11 12 45.3
11 13 53.4
11 14 51.6
11 15 56.6
11 16 14.6
11 17 60.1
11 18 15.7
11 19 50.8
12 13 69.7
12 14 25.9
12 15 67.3
12 16 52.7
12 17 18.7
12 18 49.1
12 19 19.6
13 14 90.8
13 15 8.0
13 16 40.4
13 17 70.8
13 18 37.8
13 19 57.5
14 15 89.8
14 16 63.8
14 17 41.5
14 18 61.9
14 19 45.5
15 16 44.7
15 17 66.4
15 18 41.4
15 19 53.3
16 17 64.3
16 18 4.9
16 19 52.9
17 18 60.0
17 19 13.4
18 19 48.3
