20 380
0 1 25.1
0 2 18.5
0 3 25.8
0 4 78.8
0 5 51.8
0 6 48.8
0 7 59.7
0 8 40.1
0 9 46.7
0 10 52.1
0 11 38.5
0 12 4.9
0 13 23.7
0 14 45.1
0 15 74.6
0 16 28.3
0 17 51.7
0 18 14.8
0 19 50.8
1 2 26.9
1 3 47.2
1 4 91.5
1 5 67.7
1 6 71.2
1 7 77.5
1 8 63.7
1 9 31.0
1 10 56.4
1 11 63.3
1 12 29.7
1 13 48.5
1 14 70.2
1 15 82.3
1 16 44.7
1 17 69.4
1 18 39.8
1 19 74.2
2 3 23.5
2 4 97.1
2 5 69.8
2 6 63.8
2 7 77.2
2 8 41.2
2 9 33.8
2 10 69.9
2 11 43.7
2 12 18.7
2 13 30.7
2 14 54.0
2 15 93.0
2 16 46.6
2 17 69.3
2 18 27.3
2 19 64.5
3 4 91.2
3 5 63.4
3 6 49.8
3 7 67.9
3 8 17.8
3 9 56.5
3 10 73.2
3 11 21.5
3 12 21.4
3 13 13.3
3 14 33.5
3 15 91.8
3 16 44.4
3 17 61.0
3 18 19.4
3 19 48.4
4 5 27.9
4 6 47.0
4 7 25.4
4 8 89.7
4 9 121.7
4 10 39.7
4 11 80.8
4 12 78.7
4 13 78.3
4 14 71.4
4 15 19.2
4 16 50.5
4 17 30.5
4 18 73.2
4 19 52.5
5 6 24.1
5 7 10.9
5 8 63.1
5 9 96.6
5 10 29.4
5 11 54.5
5 12 51.2
5 13 50.6
5 14 46.9
5 15 31.8
5 16 23.8
5 17 5.6
5 18 45.3
5 19 30.6
6 7 21.6
6 8 43.9
6 9 95.5
6 10 50.9
6 11 34.8
6 12 46.0
6 13 36.6
6 14 24.4
6 15 55.4
6 16 29.6
6 17 18.8
6 18 36.5
6 19 6.5
7 8 64.7
7 9 105.6
7 10 39.4
7 11 55.7
7 12 58.5
7 13 54.6
7 14 46.0
7 15 35.7
7 16 32.9
7 17 8.2
7 18 51.2
7 19 27.3
8 9 74.1
8 10 79.6
8 11 9.1
8 12 35.2
8 13 17.5
8 14 21.4
8 15 94.0
8 16 49.6
8 17 59.4
8 18 28.2
8 19 40.3
9 10 87.5
9 11 77.4
9 12 49.5
9 13 64.4
9 14 87.7
9 15 113.2
9 16 72.8
9 17 97.4
9 18 59.6
9 19 97.0
10 11 72.6
10 12 54.3
10 13 63.2
10 14 69.1
10 15 26.2
10 16 29.9
10 17 34.7
10 18 54.0
10 19 57.3
11 12 33.7
11 13 14.7
11 14 12.9
11 15 85.7
11 16 42.9
11 17 50.6
11 18 24.7
11 19 31.2
12 13 18.9
12 14 40.7
12 15 75.6
12 16 28.4
12 17 50.6
12 18 10.5
12 19 47.5
13 14 23.3
13 15 79.9
13 16 33.4
13 17 48.0
13 18 10.7
13 19 35.6
14 15 78.6
14 16 41.0
14 17 42.2
14 18 30.3
14 19 19.6
15 16 47.8
15 17 36.7
15 18 72.6
15 19 61.8
16 17 24.7
16 18 25.0
16 19 34.5
17 18 43.7
17 19 25.3
18 19 37.4
