20 380
0 1 56.1
0 2 75.9
0 3 48.9
0 4 9.7
0 5 76.9
0 6 28.0
0 7 29.1
0 8 26.9
0 9 45.9
0 10 49.8
0 11 17.1
0 12 5.7
0 13 29.1
0 14 54.5
0 15 26.9
0 16 47.6
0 17 54.8
0 18 51.5
0 19 53.1
1 2 85.7
1 3 8.0
1 4 65.0
1 5 89.7
1 6 83.9
1 7 84.4
1 8 75.4
1 9 102.0
1 10 57.6
1 11 44.3
1 12 54.6
1 13 30.2
1 14 60.4
1 15 51.2
1 16 95.8
1 17 109.7
1 18 61.8
1 19 109.2
2 3 79.5
2 4 74.1
2 5 5.2
2 6 82.0
2 7 93.0
2 8 60.9
2 9 95.9
2 10 30.0
2 11 63.8
2 12 70.2
2 13 66.4
2 14 26.0
2 15 99.1
2 16 62.7
2 17 88.5
2 18 26.5
2 19 99.2
3 4 57.6
3 5 83.3
3 6 76.5
3 7 77.5
3 8 67.5
3 9 94.8
3 10 50.7
3 11 36.4
3 12 47.1
3 13 22.3
3 14 53.8
3 15 46.7
3 16 87.9
3 17 102.0
3 18 54.9
3 19 101.9
4 5 74.4
4 6 18.9
4 7 22.8
4 8 19.0
4 9 37.4
4 10 50.6
4 11 23.0
4 12 10.6
4 13 36.6
4 14 55.2
4 15 34.8
4 16 38.6
4 17 45.2
4 18 51.5
4 19 44.3
5 6 81.2
5 7 92.5
5 8 60.2
5 9 94.4
5 10 33.1
5 11 65.7
5 12 71.3
5 13 69.3
5 14 29.5
5 15 100.8
5 16 60.3
5 17 86.0
5 18 29.3
5 19 97.3
6 7 12.4
6 8 21.2
6 9 18.7
6 10 63.6
6 11 41.5
6 12 29.5
6 13 55.4
6 14 67.7
6 15 48.1
6 16 30.3
6 17 27.5
6 18 63.5
6 19 25.5
7 8 32.3
7 9 19.8
7 10 72.4
7 11 45.3
7 12 32.7
7 13 58.1
7 14 76.7
7 15 42.1
7 16 42.5
7 17 34.8
7 18 72.7
7 19 27.1
8 9 37.0
8 10 43.7
8 11 31.2
8 12 24.1
8 13 45.2
8 14 47.5
8 15 53.5
8 16 21.3
8 17 36.7
8 18 43.0
8 19 42.1
9 10 80.7
9 11 60.2
9 12 48.0
9 13 74.0
9 14 84.5
9 15 61.9
9 16 36.2
9 17 17.7
9 18 80.1
9 19 7.4
10 11 35.3
10 12 44.1
10 13 36.4
10 14 4.8
10 15 70.4
10 16 55.5
10 17 78.7
10 18 4.3
10 19 85.7
11 12 12.6
11 13 14.3
11 14 40.0
11 15 35.3
11 16 52.1
11 17 65.8
11 18 37.8
11 19 66.9
12 13 26.0
12 14 48.8
12 15 31.3
12 16 45.3
12 17 55.2
12 18 45.8
12 19 55.0
13 14 40.7
13 15 37.7
13 16 65.7
13 17 80.1
13 18 40.0
13 19 80.9
14 15 75.1
14 16 57.9
14 17 81.7
14 18 4.7
14 19 89.3
15 16 73.4
15 17 75.4
15 18 73.1
15 19 69.2
16 17 25.7
16 18 53.3
16 19 37.6
17 18 77.1
17 19 14.7
18 19 84.8
