20 90
0 1 10.7
0 2 77.5
0 3 57.2
0 4 32.0
0 5 69.0
0 6 98.9
0 7 92.1
0 8 61.5
0 9 112.9
0 10 91.5
0 11 76.7
0 12 41.1
0 13 110.8
0 14 50.4
0 15 40.5
0 16 80.1
0 17 87.9
0 18 66.7
0 19 79.0
1 2 69.7
1 3 48.5
1 4 25.5
1 5 64.6
1 6 90.5
1 7 90.1
1 8 51.4
1 9 103.4
1 10 86.6
1 11 66.0
1 12 30.9
1 13 103.0
1 14 39.8
1 15 33.8
1 16 69.5
1 17 82.5
1 18 60.1
1 19 75.9
2 3 22.5
2 4 45.6
2 5 27.8
2 6 22.1
2 7 53.5
2 8 69.4
2 9 42.2
2 10 31.4
2 11 53.0
2 12 64.4
2 13 33.3
2 14 59.1
2 15 37.3
2 16 64.7
2 17 25.4
2 18 14.6
2 19 39.1
3 4 26.6
3 5 33.6
3 6 42.1
3 7 64.3
3 8 50.6
3 9 56.3
3 10 48.5
3 11 41.4
3 12 42.5
3 13 55.1
3 14 38.7
3 15 19.7
3 16 51.9
3 17 42.9
3 18 19.7
3 19 48.0
4 5 39.6
4 6 67.2
4 7 67.1
4 8 54.4
4 9 82.9
4 10 61.3
4 11 58.0
4 12 37.3
4 13 78.8
4 14 40.4
4 15 8.5
4 16 65.5
4 17 57.1
4 18 34.9
4 19 51.9
5 6 46.1
5 7 30.8
5 8 83.5
5 9 68.8
5 10 22.6
5 11 74.2
5 12 71.9
5 13 51.6
5 14 70.6
5 15 32.2
5 16 85.2
5 17 20.0
5 18 15.5
5 19 14.4
6 7 64.5
6 8 80.8
6 9 23.7
6 10 38.7
6 11 58.7
6 12 80.6
6 13 14.7
6 14 73.4
6 15 59.0
6 16 70.2
6 17 34.0
6 18 36.1
6 19 53.5
7 8 114.3
7 9 88.1
7 10 25.9
7 11 104.3
7 12 101.9
7 13 62.9
7 14 101.2
7 15 61.1
7 16 115.5
7 17 30.5
7 18 45.3
7 19 16.4
8 9 81.2
8 10 98.8
8 11 26.6
8 12 20.5
8 13 95.5
8 14 14.0
8 15 56.2
8 16 22.3
8 17 93.0
8 18 70.3
8 19 97.9
9 10 62.2
9 11 55.4
9 12 86.8
9 13 29.4
9 14 77.6
9 15 75.6
9 16 64.9
9 17 57.7
9 18 56.8
9 19 77.1
10 11 84.4
10 12 90.3
10 13 37.5
10 14 87.2
10 15 53.3
10 16 96.0
10 17 6.0
10 18 29.3
10 19 19.0
11 12 38.8
11 13 73.2
11 14 28.2
11 15 55.7
11 16 11.8
11 17 78.3
11 18 59.0
11 19 88.3
12 13 94.9
12 14 10.6
12 15 41.2
12 16 39.8
12 17 85.0
12 18 61.1
12 19 85.8
13 14 87.9
13 15 70.4
13 16 84.5
13 17 34.8
13 18 45.3
13 19 55.3
14 15 42.3
14 16 29.8
14 17 81.5
14 18 58.1
14 19 84.9
15 16 64.4
15 17 48.9
15 18 26.4
15 19 45.3
16 17 90.0
16 18 70.2
16 19 99.4
17 18 24.0
17 19 20.6
18 19 29.2
