20 90
0 1 31.5
0 2 47.5
0 3 37.8
0 4 58.9
0 5 39.8
0 6 55.4
0 7 73.7
0 8 33.2
0 9 70.2
0 10 23.9
0 11 49.5
0 12 35.0
0 13 22.3
0 14 59.4
0 15 49.5
0 16 43.9
0 17 21.1
0 18 31.9
0 19 44.2
1 2 69.0
1 3 45.1
1 4 49.2
1 5 28.6
1 6 24.6
1 7 103.3
1 8 37.2
1 9 79.5
1 10 32.8
1 11 38.1
1 12 58.7
1 13 19.8
1 14 28.0
1 15 18.9
1 16 72.1
1 17 51.6
1 18 34.8
1 19 74.5
2 3 83.9
2 4 106.3
2 5 86.6
2 6 92.6
2 7 82.9
2 8 80.4
2 9 112.2
2 10 71.1
2 11 96.7
2 12 70.2
2 13 68.8
2 14 92.7
2 15 80.3
2 16 20.3
2 17 33.0
2 18 79.2
2 19 30.7
3 4 28.8
3 5 23.6
3 6 57.3
3 7 74.1
3 8 8.0
3 9 34.9
3 10 14.7
3 11 25.4
3 12 26.9
3 13 25.9
3 14 65.3
3 15 61.8
3 16 75.1
3 17 52.3
3 18 10.4
3 19 71.1
4 5 21.3
4 6 47.5
4 7 101.8
4 8 27.6
4 9 44.0
4 10 36.2
4 11 11.0
4 12 55.6
4 13 38.3
4 14 56.5
4 15 58.9
4 16 100.8
4 17 77.4
4 18 28.0
4 19 98.1
5 6 34.2
5 7 95.5
5 8 16.9
5 9 53.9
5 10 21.0
5 11 10.4
5 12 47.4
5 13 17.9
5 14 42.7
5 15 41.4
5 16 83.3
5 17 59.9
5 18 15.3
5 19 82.0
6 7 124.5
6 8 49.7
6 9 87.7
6 10 49.6
6 11 38.7
6 12 77.6
6 13 38.1
6 14 9.0
6 15 15.9
6 16 96.7
6 17 76.0
6 18 47.6
6 19 99.0
7 8 78.9
7 9 73.1
7 10 75.6
7 11 99.4
7 12 48.0
7 13 86.4
7 14 130.5
7 15 122.2
7 16 62.7
7 17 61.2
7 18 80.2
7 19 52.2
8 9 42.5
8 10 9.3
8 11 21.3
8 12 30.9
8 13 18.4
8 14 57.6
8 15 53.9
8 16 73.5
8 17 50.1
8 18 2.4
8 19 70.5
9 10 49.3
9 11 49.5
9 12 42.8
9 13 60.8
9 14 96.4
9 15 95.0
9 16 99.2
9 17 79.2
9 18 44.9
9 19 92.3
10 11 28.4
10 12 28.0
10 13 13.0
10 14 56.6
10 15 50.9
10 16 64.7
10 17 41.2
10 18 8.2
10 19 62.2
11 12 51.8
11 13 28.0
11 14 47.6
11 15 48.7
11 16 92.5
11 17 68.9
11 18 20.8
11 19 90.5
12 13 39.9
12 14 84.3
12 15 77.5
12 16 56.4
12 17 37.4
12 18 32.2
12 19 49.7
13 14 44.4
13 15 38.0
13 16 66.1
13 17 43.0
13 18 16.0
13 19 65.8
14 15 12.5
14 16 98.7
14 17 79.2
14 18 55.4
14 19 101.9
15 16 86.9
15 17 68.4
15 18 51.5
15 19 90.7
16 17 23.5
16 18 72.9
16 19 10.5
17 18 49.4
17 19 23.1
18 19 70.2
