20 90
0 1 30.0
0 2 49.5
0 3 47.4
0 4 36.2
0 5 13.8
0 6 27.9
0 7 37.6
0 8 39.4
0 9 26.8
0 10 50.5
0 11 13.0
0 12 49.6
0 13 34.7
0 14 18.3
0 15 76.3
0 16 21.4
0 17 28.2
0 18 16.8
0 19 49.1
1 2 67.5
1 3 57.7
1 4 19.9
1 5 20.4
1 6 56.9
1 7 65.8
1 8 55.1
1 9 13.3
1 10 39.5
1 11 33.1
1 12 69.1
1 13 55.4
1 14 18.7
1 15 63.7
1 16 32.6
1 17 40.3
1 18 46.1
1 19 20.7
2 3 17.3
2 4 56.5
2 5 48.7
2 6 35.8
2 7 31.2
2 8 83.9
2 9 72.2
2 10 52.1
2 11 61.4
2 12 3.7
2 13 76.0
2 14 66.0
2 15 66.8
2 16 70.5
2 17 76.3
2 18 50.8
2 19 76.7
3 4 43.2
3 5 41.8
3 6 44.0
3 7 43.0
3 8 85.7
3 9 65.1
3 10 35.5
3 11 60.4
3 12 20.9
3 13 79.1
3 14 60.8
3 15 49.7
3 16 68.5
3 17 75.6
3 18 54.3
3 19 63.2
4 5 22.5
4 6 57.3
4 7 64.0
4 8 70.5
4 9 32.4
4 10 19.7
4 11 45.1
4 12 58.9
4 13 68.7
4 14 34.5
4 15 44.5
4 16 48.0
4 17 56.2
4 18 52.7
4 19 20.2
5 6 37.4
5 7 45.7
5 8 50.7
5 9 23.6
5 10 37.5
5 11 24.1
5 12 49.8
5 13 47.5
5 14 19.2
5 15 63.4
5 16 29.5
5 17 37.5
5 18 30.2
5 19 36.9
6 7 10.3
6 8 50.7
6 9 54.6
6 10 64.8
6 11 34.3
6 12 33.9
6 13 41.8
6 14 45.8
6 15 87.8
6 16 43.5
6 17 46.7
6 18 18.4
6 19 74.1
7 8 60.0
7 9 64.4
7 10 68.9
7 11 44.7
7 12 28.4
7 13 50.8
7 14 55.8
7 15 90.1
7 16 53.9
7 17 56.9
7 18 28.6
7 19 81.9
8 9 42.8
8 10 87.9
8 11 26.8
8 12 82.9
8 13 9.8
8 14 36.7
8 15 113.9
8 16 22.7
8 17 14.8
8 18 33.2
8 19 75.3
9 10 51.9
9 11 24.5
9 12 73.1
9 13 44.4
9 14 9.3
9 15 76.7
9 16 21.1
9 17 28.1
9 18 40.4
9 19 32.5
10 11 61.5
10 12 55.3
10 13 84.9
10 14 53.1
10 15 26.0
10 16 65.9
10 17 74.2
10 18 65.3
10 19 33.7
11 12 61.2
11 13 23.6
11 14 15.4
11 15 87.5
11 16 9.4
11 17 15.2
11 18 17.1
11 19 53.8
12 13 74.7
12 14 66.6
12 15 70.5
12 16 70.4
12 17 75.9
12 18 49.7
12 19 79.1
13 14 36.8
13 15 110.8
13 16 23.3
13 17 17.5
13 18 25.3
13 19 76.1
14 15 78.7
14 16 14.0
14 17 22.0
14 18 31.1
14 19 39.3
15 16 91.8
15 17 100.0
15 18 90.5
15 19 52.1
16 17 8.2
16 18 25.7
16 19 53.1
17 18 28.3
17 19 60.5
18 19 65.7
