20 90
0 1 48.6
0 2 53.8
0 3 96.5
0 4 88.1
0 5 20.0
0 6 70.1
0 7 13.1
0 8 115.3
0 9 70.6
0 10 29.8
0 11 48.3
0 12 83.4
0 13 59.8
0 14 107.1
0 15 79.7
0 16 93.9
0 17 96.4
0 18 93.8
0 19 10.3
1 2 32.5
1 3 71.9
1 4 41.5
1 5 55.2
1 6 49.5
1 7 38.5
1 8 70.2
1 9 25.1
1 10 19.9
1 11 6.6
1 12 41.0
1 13 17.5
1 14 68.7
1 15 34.8
1 16 57.8
1 17 78.2
1 18 54.0
1 19 38.3
2 3 44.4
2 4 45.8
2 5 47.9
2 6 18.6
2 7 40.7
2 8 67.2
2 9 53.2
2 10 39.7
2 11 25.9
2 12 69.6
2 13 49.1
2 14 54.2
2 15 62.0
2 16 40.7
2 17 47.7
2 18 42.3
2 19 46.5
3 4 56.2
3 5 85.8
3 6 26.5
3 7 83.7
3 8 56.9
3 9 84.1
3 10 83.7
3 11 65.8
3 12 98.2
3 13 84.9
3 14 32.3
3 15 90.0
3 16 25.5
3 17 12.7
3 18 34.5
3 19 90.2
4 5 89.5
4 6 49.2
4 7 76.2
4 8 28.9
4 9 35.9
4 10 61.2
4 11 40.0
4 12 45.5
4 13 42.7
4 14 35.6
4 15 37.9
4 16 31.7
4 17 67.5
4 18 23.2
4 19 78.2
5 6 60.5
5 7 18.6
5 8 114.2
5 9 79.8
5 10 40.9
5 11 52.6
5 12 94.5
5 13 70.1
5 14 101.9
5 15 89.5
5 16 88.3
5 17 83.5
5 18 90.1
5 19 24.4
6 7 57.3
6 8 63.0
6 9 66.8
6 10 58.3
6 11 43.0
6 12 82.6
6 13 64.8
6 14 44.2
6 15 74.6
6 16 31.0
6 17 29.2
6 18 36.3
6 19 63.8
7 8 102.9
7 9 62.2
7 10 22.4
7 11 37.0
7 12 76.4
7 13 52.1
7 14 94.0
7 15 71.7
7 16 80.8
7 17 84.2
7 18 80.8
7 19 8.1
8 9 63.0
8 10 89.6
8 11 68.0
8 12 68.7
8 13 71.0
8 14 25.1
8 15 62.4
8 16 33.4
8 17 69.6
8 18 26.7
8 19 105.7
9 10 40.8
9 11 29.9
9 12 16.5
9 13 11.2
9 14 70.6
9 15 9.7
9 16 63.6
9 17 92.9
9 18 56.8
9 19 60.4
10 11 21.9
10 12 54.2
10 13 30.1
10 14 85.9
10 15 50.0
10 16 73.9
10 17 87.4
10 18 71.5
10 19 19.7
11 12 46.2
11 13 23.6
11 14 64.4
11 15 39.4
11 16 52.9
11 17 71.7
11 18 49.9
11 19 38.3
12 13 24.5
12 14 81.0
12 15 8.2
12 16 76.0
12 17 107.8
12 18 68.3
12 19 73.6
13 14 75.6
13 15 19.9
13 16 66.9
13 17 92.5
13 18 61.1
13 19 49.7
14 15 73.4
14 16 13.6
14 17 44.9
14 18 14.7
14 19 98.6
15 16 68.0
15 17 99.5
15 18 60.4
15 19 69.6
16 17 37.8
16 18 9.0
16 19 85.6
17 18 46.7
17 19 91.3
18 19 84.9
