20 380
0 1 22.6
0 2 68.0
0 3 35.8
0 4 43.4
0 5 35.5
0 6 63.9
0 7 70.5
0 8 71.9
0 9 58.8
0 10 48.1
0 11 19.4
0 12 71.9
0 13 59.6
0 14 72.9
0 15 69.9
0 16 79.9
0 17 65.6
0 18 60.5
0 19 57.6
1 2 57.0
1 3 14.7
1 4 45.6
1 5 29.5
1 6 42.0
1 7 53.0
1 8 49.8
1 9 42.3
1 10 28.7
1 11 29.3
1 12 58.4
1 13 37.5
1 14 60.9
1 15 48.1
1 16 64.0
1 17 61.6
1 18 62.5
1 19 59.4
2 3 62.0
2 4 36.5
2 5 32.7
2 6 68.9
2 7 23.0
2 8 50.2
2 9 21.1
2 10 34.9
2 11 53.6
2 12 8.6
2 13 47.9
2 14 5.4
2 15 47.7
2 16 20.5
2 17 20.8
2 18 36.5
2 19 35.4
3 4 58.0
3 5 40.3
3 6 28.2
3 7 52.4
3 8 41.4
3 9 43.6
3 10 28.4
3 11 43.9
3 12 61.4
3 13 29.4
3 14 65.0
3 15 40.2
3 16 64.3
3 17 70.7
3 18 74.1
3 19 71.0
4 5 18.6
4 6 78.3
4 7 52.3
4 8 70.6
4 9 42.3
4 10 44.4
4 11 24.3
4 12 44.1
4 13 62.1
4 14 41.9
4 15 68.0
4 16 55.6
4 17 24.5
4 18 17.4
4 19 14.4
5 6 59.7
5 7 40.3
5 8 53.6
5 9 28.7
5 10 26.6
5 11 21.7
5 12 37.5
5 13 44.2
5 14 37.8
5 15 51.0
5 16 47.1
5 17 32.3
5 18 33.8
5 19 30.8
6 7 50.6
6 8 25.9
6 9 47.8
6 10 36.0
6 11 69.7
6 12 64.7
6 13 21.3
6 14 69.8
6 15 26.7
6 16 62.4
6 17 83.9
6 18 91.9
6 19 89.1
7 8 28.4
7 9 11.9
7 10 24.6
7 11 61.6
7 12 15.8
7 13 29.5
7 14 21.4
7 15 26.2
7 16 12.3
7 17 43.2
7 18 57.4
7 19 55.7
8 9 30.7
8 10 27.2
8 11 70.5
8 12 44.0
8 13 12.3
8 14 49.5
8 15 2.7
8 16 38.7
8 17 68.7
8 18 80.4
8 19 78.1
9 10 15.3
9 11 49.8
9 12 18.0
9 13 26.9
9 14 22.4
9 15 28.1
9 16 21.7
9 17 38.0
9 18 50.0
9 19 47.9
10 11 43.7
10 12 33.2
10 13 17.7
10 14 37.2
10 15 24.7
10 16 36.2
10 17 48.0
10 18 56.4
10 19 53.8
11 12 59.1
11 13 59.4
11 14 58.9
11 15 68.2
11 16 68.8
11 17 47.6
11 18 41.2
11 19 38.3
12 13 43.5
12 14 5.7
12 15 41.7
12 16 11.9
12 17 29.4
12 18 45.1
12 19 43.9
13 14 48.6
13 15 10.8
13 16 41.6
13 17 64.0
13 18 73.8
13 19 71.2
14 15 47.2
14 16 16.3
14 17 24.8
14 18 41.0
14 19 40.1
15 16 36.9
15 17 66.1
15 18 77.8
15 19 75.4
16 17 41.0
16 18 57.0
16 19 55.8
17 18 16.7
17 19 16.6
18 19 3.1
