20 90
0 1 62.2
0 2 68.6
0 3 121.1
0 4 42.9
0 5 59.3
0 6 19.6
0 7 80.2
0 8 73.1
0 9 92.1
0 10 100.5
0 11 69.8
0 12 25.5
0 13 95.5
0 14 56.2
0 15 43.5
0 16 74.7
0 17 91.9
0 18 68.3
0 19 12.4
1 2 57.8
1 3 59.4
1 4 43.8
1 5 20.7
1 6 57.1
1 7 29.1
1 8 41.4
1 9 30.0
1 10 38.5
1 11 55.1
1 12 59.3
1 13 50.8
1 14 6.1
1 15 28.5
1 16 26.9
1 17 30.7
1 18 8.0
1 19 68.7
2 3 89.7
2 4 26.7
2 5 75.2
2 6 49.8
2 7 44.4
2 8 97.2
2 9 71.1
2 10 76.8
2 11 4.1
2 12 45.3
2 13 42.4
2 14 57.0
2 15 36.7
2 16 84.7
2 17 66.7
2 18 55.3
2 19 64.2
3 4 92.1
3 5 71.6
3 6 112.9
3 7 47.0
3 8 79.8
3 9 29.5
3 10 21.2
3 11 85.6
3 12 113.3
3 13 51.0
3 14 65.5
3 15 81.1
3 16 62.4
3 17 29.2
3 18 52.8
3 19 126.1
4 5 56.0
4 6 25.7
4 7 45.7
4 8 77.4
4 9 67.0
4 10 74.6
4 11 27.2
4 12 23.2
4 13 55.5
4 14 40.4
4 15 15.7
4 16 68.5
4 17 64.4
4 18 45.0
4 19 40.8
5 6 61.0
5 7 49.6
5 8 22.0
5 9 43.0
5 10 50.5
5 11 73.1
5 12 65.0
5 13 71.4
5 14 18.7
5 15 40.6
5 16 15.4
5 17 45.9
5 18 27.9
5 19 68.8
6 7 68.5
6 8 79.0
6 9 85.3
6 10 93.5
6 11 51.4
6 12 6.4
6 13 80.8
6 14 51.8
6 15 31.9
6 16 75.9
6 17 83.9
6 18 61.5
6 19 15.1
7 8 68.8
7 9 27.2
7 10 32.5
7 11 40.5
7 12 68.0
7 13 21.8
7 14 33.2
7 15 37.1
7 16 51.7
7 17 22.4
7 18 21.7
7 19 82.8
8 9 55.0
8 10 60.8
8 11 95.0
8 12 83.8
8 13 90.4
8 14 40.5
8 15 62.3
8 16 18.4
8 17 59.5
8 18 47.4
8 19 84.1
9 10 8.4
9 11 67.3
9 12 86.5
9 13 43.3
9 14 36.1
9 15 54.1
9 16 36.7
9 17 5.8
9 18 24.0
9 19 97.9
10 11 72.9
10 12 94.5
10 13 45.0
10 14 44.6
10 15 62.1
10 16 42.7
10 17 10.3
10 18 32.3
10 19 106.2
11 12 47.3
11 13 38.4
11 14 54.7
11 15 35.6
11 16 82.0
11 17 62.8
11 18 52.2
11 19 66.1
12 13 78.7
12 14 54.4
12 15 32.5
12 16 79.7
12 17 84.7
12 18 63.0
12 19 18.9
13 14 54.5
13 15 52.3
13 16 73.1
13 17 37.5
13 18 43.5
13 19 95.8
14 15 24.8
14 16 28.3
14 17 36.8
14 18 13.6
14 19 62.9
15 16 52.9
15 17 52.3
15 18 30.8
15 19 45.8
16 17 41.1
16 18 31.2
16 19 84.2
17 18 23.7
17 19 97.0
18 19 73.9
