20 90
0 1 13.1
0 2 58.1
0 3 67.7
0 4 69.5
0 5 22.6
0 6 56.3
0 7 62.6
0 8 37.9
0 9 28.0
0 10 78.9
0 11 47.9
0 12 32.0
0 13 89.3
0 14 29.5
0 15 49.4
0 16 21.4
0 17 25.5
0 18 67.2
0 19 31.0
1 2 65.8
1 3 57.8
1 4 73.1
1 5 33.2
1 6 63.9
1 7 51.7
1 8 39.2
1 9 40.3
1 10 84.2
1 11 35.2
1 12 19.6
1 13 96.1
1 14 42.6
1 15 40.4
1 16 31.6
1 17 18.4
1 18 74.8
1 19 44.0
2 3 84.5
2 4 24.6
2 5 36.5
2 6 1.9
2 7 86.2
2 8 34.8
2 9 62.1
2 10 24.7
2 11 86.8
2 12 74.0
2 13 31.5
2 14 46.7
2 15 69.6
2 16 37.3
2 17 82.9
2 18 9.1
2 19 45.3
3 4 72.9
3 5 74.2
3 6 82.9
3 7 9.5
3 8 51.4
3 9 95.3
3 10 87.4
3 11 32.0
3 12 40.2
3 13 102.7
3 14 91.5
3 15 18.7
3 16 72.5
3 17 68.5
3 18 90.2
3 19 92.1
4 5 52.1
4 6 24.6
4 7 77.2
4 8 34.4
4 9 81.1
4 10 14.5
4 11 84.2
4 12 75.0
4 13 29.8
4 14 67.0
4 15 62.3
4 16 52.1
4 17 91.5
4 18 23.6
4 19 65.9
5 6 34.8
5 7 71.9
5 8 28.6
5 9 29.7
5 10 59.1
5 11 63.2
5 12 47.7
5 13 68.0
5 14 18.7
5 15 55.8
5 16 1.8
5 17 48.1
5 18 45.5
5 19 18.7
6 7 84.5
6 8 33.0
6 9 60.7
6 10 25.7
6 11 84.9
6 12 72.1
6 13 33.2
6 14 45.5
6 15 67.8
6 16 35.5
6 17 81.1
6 18 10.9
6 19 44.1
7 8 52.0
7 9 90.6
7 10 91.6
7 11 22.9
7 12 33.0
7 13 106.8
7 14 88.3
7 15 16.9
7 16 70.1
7 17 60.7
7 18 92.7
7 19 89.0
8 9 57.2
8 10 46.8
8 11 52.5
8 12 41.2
8 13 60.4
8 14 47.2
8 15 35.1
8 16 27.5
8 17 57.6
8 18 42.2
8 19 47.1
9 10 86.3
9 11 75.4
9 12 59.7
9 13 92.7
9 14 15.7
9 15 76.8
9 16 30.3
9 17 44.0
9 18 70.3
9 19 17.4
10 11 98.0
10 12 88.0
10 13 15.4
10 14 71.2
10 15 76.5
10 16 59.5
10 17 102.3
10 18 18.5
10 19 69.9
11 12 16.0
11 13 112.3
11 14 76.6
11 15 24.7
11 16 61.4
11 17 39.5
11 18 94.6
11 19 77.8
12 13 101.6
12 14 60.6
12 15 25.3
12 16 45.9
12 17 28.5
12 18 82.3
12 19 61.7
13 14 77.1
13 15 91.5
13 16 68.8
13 17 113.7
13 18 22.7
13 19 75.5
14 15 72.9
14 16 20.0
14 17 52.0
14 18 54.7
14 19 1.9
15 16 54.1
15 17 53.5
15 18 76.3
15 19 73.5
16 17 46.8
16 18 46.3
16 19 20.1
17 18 92.0
17 19 53.7
18 19 53.2
