20 90
0 1 82.5
0 2 37.7
0 3 47.5
0 4 47.2
0 5 17.7
0 6 8.8
0 7 100.3
0 8 68.0
0 9 76.7
0 10 21.7
0 11 27.3
0 12 65.2
0 13 65.1
0 14 8.4
0 15 82.9
0 16 22.9
0 17 26.8
0 18 78.1
0 19 59.4
1 2 68.3
1 3 87.8
1 4 35.5
1 5 80.6
1 6 91.2
1 7 18.0
1 8 46.2
1 9 19.3
1 10 85.8
1 11 102.2
1 12 57.0
1 13 48.5
1 14 74.4
1 15 0.7
1 16 101.5
1 17 76.9
1 18 61.3
1 19 79.1
2 3 20.7
2 4 42.1
2 5 51.4
2 6 42.3
2 7 85.6
2 8 77.3
2 9 54.8
2 10 57.1
2 11 40.3
2 12 29.3
2 13 75.9
2 14 35.8
2 15 68.4
2 16 43.0
2 17 57.1
2 18 41.6
2 19 85.0
3 4 62.8
3 5 64.2
3 6 48.4
3 7 104.6
3 8 97.6
3 9 72.6
3 10 69.0
3 11 36.3
3 12 39.2
3 13 96.0
3 14 49.0
3 15 87.8
3 16 41.8
3 17 71.7
3 18 48.0
3 19 102.1
4 5 45.7
4 6 55.9
4 7 53.1
4 8 36.7
4 9 34.1
4 10 51.3
4 11 68.7
4 12 47.4
4 13 36.1
4 14 39.0
4 15 35.9
4 16 67.2
4 17 43.6
4 18 58.2
4 19 56.1
5 6 22.4
5 7 97.5
5 8 56.5
5 9 79.0
5 10 6.2
5 11 43.8
5 12 75.8
5 13 53.2
5 14 15.6
5 15 81.1
5 16 38.2
5 17 9.7
5 18 88.9
5 19 42.3
6 7 109.0
6 8 76.0
6 9 84.9
6 10 24.4
6 11 21.6
6 12 70.9
6 13 73.0
6 14 17.2
6 15 91.5
6 16 15.8
6 17 32.1
6 18 83.6
6 19 64.6
7 8 56.3
7 9 32.7
7 10 102.5
7 11 120.1
7 12 71.3
7 13 59.3
7 14 92.1
7 15 17.7
7 16 119.4
7 17 93.1
7 18 73.2
7 19 91.2
8 9 58.6
8 10 59.2
8 11 94.6
8 12 83.4
8 13 3.7
8 14 60.1
8 15 46.9
8 16 90.8
8 17 48.4
8 18 93.1
8 19 35.4
9 10 84.9
9 11 92.2
9 12 38.6
9 13 60.0
9 14 69.5
9 15 18.9
9 16 92.7
9 17 77.6
9 18 42.1
9 19 87.3
10 11 46.0
10 12 82.0
10 13 55.7
10 14 21.3
10 15 86.3
10 16 39.9
10 17 10.8
10 18 95.0
10 19 41.0
11 12 69.0
11 13 91.8
11 14 34.6
11 15 102.4
11 16 6.9
11 17 53.5
11 18 80.5
11 19 86.1
12 13 83.3
12 14 61.3
12 15 56.8
12 16 72.2
12 17 79.3
12 18 13.0
12 19 101.4
13 14 57.3
13 15 49.2
13 16 87.9
13 17 44.9
13 18 93.3
13 19 32.1
14 15 74.8
14 16 30.8
14 17 22.8
14 18 74.3
14 19 54.3
15 16 101.8
15 17 77.5
15 18 60.9
15 19 79.8
16 17 47.9
16 18 84.1
16 19 80.4
17 18 92.1
17 19 32.6
18 19 113.3
