20 90
0 1 40.4
0 2 69.0
0 3 32.4
0 4 69.2
0 5 20.6
0 6 40.7
0 7 39.6
0 8 57.1
0 9 80.1
0 10 12.3
0 11 34.6
0 12 31.1
0 13 8.9
0 14 44.7
0 15 16.3
0 16 28.6
0 17 48.5
0 18 58.1
0 19 81.4
1 2 107.5
1 3 72.6
1 4 79.1
1 5 23.1
1 6 66.2
1 7 76.0
1 8 58.6
1 9 88.8
1 10 31.8
1 11 53.8
1 12 66.9
1 13 47.3
1 14 42.3
1 15 56.0
1 16 29.3
1 17 87.3
1 18 86.6
1 19 110.3
2 3 44.2
2 4 78.9
2 5 89.6
2 6 51.9
2 7 32.1
2 8 86.7
2 9 85.2
2 10 80.9
2 11 63.7
2 12 61.8
2 13 60.7
2 14 87.6
2 15 52.7
2 16 83.8
2 17 47.7
2 18 40.5
2 19 42.4
3 4 81.3
3 5 51.1
3 6 46.8
3 7 28.0
3 8 77.2
3 9 91.2
3 10 41.8
3 11 50.1
3 12 18.2
3 13 27.6
3 14 69.7
3 15 19.6
3 16 57.6
3 17 18.6
3 18 53.9
3 19 72.0
4 5 79.3
4 6 34.5
4 7 57.0
4 8 21.9
4 9 10.8
4 10 77.3
4 11 34.7
4 12 93.3
4 13 63.8
4 14 37.0
4 15 65.9
4 16 51.6
4 17 99.0
4 18 38.4
4 19 50.6
5 6 56.8
5 7 59.9
5 8 62.4
5 9 89.9
5 10 9.3
5 11 47.2
5 12 43.9
5 13 29.2
5 14 46.9
5 15 36.9
5 16 29.0
5 17 64.7
5 18 76.0
5 19 99.8
6 7 23.7
6 8 35.3
6 9 44.4
6 10 51.6
6 11 13.2
6 12 59.8
6 13 33.1
6 14 36.3
6 15 32.8
6 16 37.6
6 17 64.5
6 18 20.4
6 19 44.1
7 8 58.7
7 9 66.0
7 10 51.9
7 11 33.0
7 12 44.8
7 13 30.8
7 14 56.7
7 15 24.3
7 16 51.7
7 17 43.3
7 18 25.9
7 19 45.2
8 9 30.5
8 10 62.5
8 11 27.2
8 12 85.4
8 13 54.1
8 14 16.4
8 15 58.9
8 16 33.5
8 17 95.8
8 18 49.1
8 19 67.4
9 10 88.1
9 11 45.5
9 12 103.7
9 13 74.5
9 14 46.5
9 15 76.4
9 16 62.0
9 17 108.6
9 18 44.8
9 19 52.3
10 11 43.6
10 12 35.3
10 13 21.2
10 14 48.1
10 15 28.3
10 16 30.2
10 17 55.6
10 18 69.9
10 19 93.4
11 12 59.6
11 13 29.2
11 14 23.9
11 15 32.4
11 16 24.8
11 17 68.6
11 18 33.4
11 19 56.7
12 13 31.4
12 14 74.9
12 15 27.4
12 16 59.6
12 17 22.0
12 18 70.3
12 19 89.7
13 14 43.7
13 15 8.8
13 16 30.1
13 17 45.3
13 18 49.6
13 19 72.7
14 15 50.3
14 16 18.0
14 17 88.2
14 18 54.6
14 19 76.1
15 16 38.1
15 17 37.9
15 18 46.3
15 19 68.4
16 17 75.4
16 18 58.0
16 19 81.5
17 18 68.7
17 19 83.4
18 19 23.9
