20 380
0 1 73.0
0 2 67.8
0 3 56.6
0 4 65.2
0 5 58.9
0 6 52.1
0 7 43.4
0 8 69.0
0 9 58.3
0 10 38.3
0 11 25.8
0 12 38.3
0 13 67.4
0 14 33.3
0 15 84.5
0 16 37.4
0 17 50.5
0 18 68.1
0 19 20.1
1 2 25.9
1 3 20.0
1 4 12.0
1 5 51.6
1 6 24.0
1 7 55.5
1 8 6.3
1 9 38.9
1 10 70.8
1 11 89.7
1 12 47.3
1 13 40.2
1 14 52.9
1 15 66.2
1 16 41.1
1 17 25.0
1 18 5.1
1 19 78.5
2 3 15.9
2 4 32.7
2 5 68.7
2 6 18.7
2 7 66.8
2 8 20.1
2 9 56.7
2 10 79.1
2 11 77.5
2 12 56.2
2 13 14.4
2 14 38.5
2 15 40.6
2 16 48.1
2 17 35.8
2 18 25.9
2 19 79.5
3 4 20.7
3 5 53.1
3 6 4.6
3 7 51.0
3 8 14.1
3 9 41.5
3 10 63.6
3 11 70.7
3 12 40.5
3 13 26.6
3 14 33.0
3 15 53.7
3 16 32.5
3 17 20.1
3 18 16.9
3 19 65.8
4 5 39.7
4 6 22.9
4 7 43.6
4 8 14.0
4 9 27.0
4 10 59.3
4 11 84.3
4 12 36.0
4 13 46.0
4 14 50.1
4 15 73.0
4 16 30.7
4 17 14.9
4 18 7.9
4 19 68.5
5 6 51.9
5 7 16.1
5 8 53.2
5 9 12.7
5 10 30.3
5 11 84.3
5 12 21.9
5 13 79.2
5 14 65.5
5 15 105.9
5 16 27.8
5 17 33.1
5 18 47.5
5 19 49.8
6 7 48.4
6 8 18.4
6 9 40.8
6 10 60.4
6 11 66.3
6 12 37.7
6 13 27.3
6 14 28.9
6 15 54.1
6 16 29.5
6 17 19.0
6 18 20.4
6 19 61.7
7 8 55.2
7 9 21.1
7 10 16.5
7 11 69.1
7 12 11.1
7 13 75.0
7 14 55.0
7 15 100.4
7 16 19.4
7 17 32.0
7 18 50.7
7 19 33.9
8 9 40.6
8 10 69.9
8 11 84.6
8 12 46.2
8 13 34.2
8 14 47.2
8 15 60.6
8 16 39.3
8 17 23.6
8 18 6.2
8 19 75.8
9 10 37.6
9 11 82.4
9 12 20.1
9 13 68.0
9 14 58.3
9 15 94.9
9 16 22.2
9 17 21.9
9 18 34.9
9 19 53.5
10 11 63.6
10 12 23.7
10 13 85.4
10 14 59.7
10 15 109.1
10 16 31.2
10 17 46.4
10 18 65.9
10 19 22.4
11 12 63.0
11 13 72.2
11 14 39.0
11 15 81.3
11 16 60.5
11 17 70.7
11 18 85.3
11 19 42.9
12 13 64.0
12 14 44.6
12 15 89.3
12 16 8.3
12 17 22.6
12 18 42.2
12 19 34.3
13 14 34.8
13 15 27.2
13 16 55.7
13 17 46.2
13 18 39.8
13 19 82.0
14 15 51.7
14 16 37.7
14 17 39.7
14 18 49.1
14 19 50.3
15 16 81.0
15 17 73.1
15 18 66.5
15 19 102.0
16 17 16.1
16 18 36.0
16 19 37.8
17 18 19.9
17 19 53.7
18 19 73.3
