Minimum cost: 403.09999999999997
Optimal path: [0, 12, 19, 3, 9, 4, 7, 10, 18, 16, 14, 15, 8, 13, 2, 17, 5, 1, 6, 11]Minimum cost: 394.59999999999997
Optimal path: [0, 4, 10, 16, 1, 17, 11, 13, 7, 2, 15, 12, 8, 14, 18, 6, 19, 9, 3, 5]Minimum cost: 376.09999999999997
Optimal path: [0, 12, 17, 7, 13, 10, 18, 9, 16, 3, 8, 15, 5, 4, 11, 14, 19, 2, 1, 6]Minimum cost: 328.79999999999995
Optimal path: [0, 19, 13, 15, 16, 18, 17, 10, 1, 8, 4, 3, 6, 12, 14, 7, 5, 11, 9, 2]Minimum cost: 415.2
Optimal path: [0, 3, 17, 18, 9, 16, 2, 12, 8, 11, 14, 6, 19, 4, 5, 13, 15, 1, 10, 7]Minimum cost: 421.00000000000006
Optimal path: [0, 7, 14, 5, 13, 3, 16, 15, 8, 4, 12, 11, 9, 6, 18, 19, 17, 10, 2, 1]Minimum cost: 416.59999999999997
Optimal path: [0, 17, 11, 12, 8, 6, 13, 1, 14, 2, 7, 4, 9, 15, 3, 18, 5, 10, 19, 16]Minimum cost: 371.19999999999993
Optimal path: [0, 12, 11, 3, 13, 2, 10, 19, 6, 18, 7, 15, 9, 14, 1, 16, 4, 8, 17, 5]Minimum cost: 375.4
Optimal path: [0, 11, 18, 17, 5, 2, 7, 14, 1, 13, 8, 9, 3, 19, 10, 12, 15, 16, 6, 4]Minimum cost: 362.69999999999993
Optimal path: [0, 18, 9, 19, 11, 6, 3, 10, 7, 16, 4, 17, 5, 14, 13, 12, 1, 15, 8, 2]Minimum cost: 470.5
Optimal path: [0, 15, 3, 16, 2, 4, 12, 5, 14, 6, 10, 13, 11, 18, 9, 7, 17, 1, 19, 8]Minimum cost: 393.3999999999999
Optimal path: [0, 16, 10, 6, 12, 1, 14, 7, 9, 3, 4, 19, 18, 8, 15, 17, 2, 5, 13, 11]Minimum cost: 401.09999999999997
Optimal path: [0, 8, 18, 13, 5, 17, 10, 4, 6, 12, 1, 7, 19, 16, 2, 14, 15, 3, 11, 9]Minimum cost: 364.2
Optimal path: [0, 11, 4, 17, 14, 12, 10, 18, 6, 19, 5, 9, 3, 8, 13, 16, 15, 1, 2, 7]Minimum cost: 350.0
Optimal path: [0, 19, 14, 13, 8, 9, 16, 3, 11, 7, 18, 15, 17, 1, 12, 10, 4, 6, 5, 2]Minimum cost: 370.3
Optimal path: [0, 17, 16, 3, 18, 2, 8, 1, 5, 7, 13, 4, 11, 10, 9, 6, 12, 15, 19, 14]Minimum cost: 317.2
Optimal path: [0, 11, 14, 18, 15, 10, 7, 4, 12, 3, 16, 6, 19, 9, 8, 13, 17, 5, 1, 2]Minimum cost: 397.79999999999995
Optimal path: [0, 12, 6, 7, 17, 8, 14, 3, 10, 19, 15, 18, 1, 5, 4, 16, 2, 9, 13, 11]Minimum cost: 371.2
Optimal path: [0, 14, 10, 3, 12, 5, 7, 2, 17, 15, 19, 16, 1, 18, 13, 8, 4, 11, 9, 6]Minimum cost: 377.29999999999995
Optimal path: [0, 6, 8, 18, 19, 14, 9, 13, 1, 16, 2, 15, 3, 17, 4, 10, 7, 12, 5, 11]