Minimum cost: 489.5
Optimal path [0, 16, 15, 14, 17, 1, 2, 10, 18, 7, 19, 3, 11, 9, 4, 12, 6, 5, 13, 8]
Minimum cost: 543.2
Optimal path [0, 11, 1, 7, 15, 2, 18, 5, 17, 9, 3, 12, 14, 16, 4, 8, 6, 13, 10, 19]
Minimum cost: 317.59999999999997
Optimal path [0, 2, 6, 1, 5, 8, 3, 17, 12, 13, 15, 16, 18, 11, 4, 10, 7, 9, 19, 14]
Minimum cost: 318.8
Optimal path [0, 8, 1, 4, 11, 9, 2, 14, 12, 6, 3, 7, 5, 18, 10, 17, 16, 15, 19, 13]
Minimum cost: 634.6
Optimal path [0, 16, 18, 9, 14, 11, 12, 19, 8, 17, 3, 4, 10, 15, 1, 13, 2, 5, 6, 7]
Minimum cost: 447.30000000000007
Optimal path [0, 10, 17, 2, 1, 15, 16, 3, 8, 4, 13, 5, 7, 19, 18, 6, 11, 9, 12, 14]
Minimum cost: 315.0
Optimal path [0, 7, 4, 15, 9, 14, 1, 2, 8, 19, 13, 18, 3, 12, 17, 11, 6, 10, 5, 16]
Minimum cost: 470.99999999999983
Optimal path [0, 17, 8, 13, 11, 12, 15, 14, 1, 3, 10, 2, 5, 16, 4, 7, 6, 19, 18, 9]
Minimum cost: 386.79999999999995
Optimal path [0, 9, 12, 19, 10, 16, 15, 3, 7, 13, 14, 1, 5, 2, 6, 4, 8, 18, 17, 11]
Minimum cost: 458.9
Optimal path [0, 15, 12, 1, 13, 8, 18, 2, 17, 5, 10, 3, 16, 7, 4, 19, 11, 6, 9, 14]
Minimum cost: 505.09999999999997
Optimal path [0, 19, 1, 15, 17, 16, 12, 4, 2, 3, 7, 13, 14, 5, 11, 10, 6, 18, 9, 8]
Minimum cost: 452.20000000000005
Optimal path [0, 5, 10, 6, 12, 14, 1, 13, 16, 17, 2, 4, 3, 9, 7, 15, 18, 8, 11, 19]
Minimum cost: 436.9000000000001
Optimal path [0, 11, 14, 12, 1, 9, 2, 15, 3, 19, 16, 7, 17, 6, 10, 4, 18, 8, 13, 5]
Minimum cost: 592.0
Optimal path [0, 11, 7, 17, 9, 16, 5, 1, 18, 14, 4, 2, 12, 10, 19, 13, 8, 3, 6, 15]
Minimum cost: 318.5
Optimal path [0, 6, 17, 12, 1, 10, 2, 16, 3, 5, 4, 9, 11, 7, 13, 8, 19, 14, 18, 15]
Minimum cost: 480.19999999999993
Optimal path [0, 11, 10, 13, 17, 19, 14, 18, 7, 2, 9, 5, 8, 1, 12, 6, 4, 16, 3, 15]
Minimum cost: 353.3
Optimal path [0, 2, 1, 12, 3, 4, 15, 10, 18, 16, 7, 9, 13, 17, 5, 19, 6, 8, 14, 11]
Minimum cost: 421.0
Optimal path [0, 5, 15, 1, 16, 13, 2, 14, 10, 3, 7, 17, 8, 11, 9, 4, 12, 6, 19, 18]
Minimum cost: 386.19999999999993
Optimal path [0, 10, 3, 17, 8, 18, 13, 16, 1, 12, 2, 11, 4, 7, 5, 9, 6, 14, 19, 15]
Minimum cost: 497.2999999999999
Optimal path [0, 7, 17, 4, 3, 12, 10, 15, 16, 13, 14, 1, 2, 8, 11, 5, 19, 18, 6, 9]
